mean: 2.37502e+14
std: 1.06236e+34
min: -6.30269e+36
max: 6.90666e+36
