mean: 1.95997e+14
std: 1.06473e+34
min: -6.04831e+36
max: 8.14574e+36
