mean: -2.09832e+14
std: 9.51506e+33
min: -1.07798e+37
max: 4.45069e+36
