mean: -4.51945e+14
std: 2.02210e+34
min: -1.08759e+37
max: 1.21264e+37
