mean: 5.76461e+12
std: 9.41161e+33
min: -1.48790e+37
max: 5.18700e+36
