mean: -1.10219e+15
std: 2.20871e+34
min: -2.00718e+37
max: 2.00721e+37
