mean: -3.15900e+14
std: 1.22767e+34
min: -5.42680e+36
max: 1.69569e+37
