mean: 3.67782e+14
std: 1.07325e+34
min: -5.26316e+36
max: 1.63028e+37
