mean: 1.01457e+14
std: 2.02369e+34
min: -1.03588e+37
max: 1.29981e+37
