Mean: 7.540324213462078e+67
Std: 2.615565029358956e+70
