Mean: 2.726864171047989e+68
Std: 5.695010553240238e+70
