Mean: 4.335838720065703e+68
Std: 3.122479246755832e+71
