Mean: 6.392014968291333e+67
Std: 2.1633451189993772e+70
