Mean: 4.36110895670491e+67
Std: 1.41686523616148e+70
