Mean: 1.9099397817181514e+68
Std: 1.0745268410163847e+71
