Mean: 4.816499621396476e+67
Std: 2.085859677892139e+70
