Mean: 4.0015095692383136e+68
Std: 1.195979722860242e+71
