Mean: 1.1428408978397497e+68
Std: 1.0586314962635912e+71
